3000
-38
73
-50
83
54
97
-23
-88
-30
20
23
3
-89
39
-14
-51
40
-90
70
-99
51
-36
78
48
-9
73
-27
-18
60
-17
63
24
-94
-34
76
59
-4
40
-86
72
-20
-97
-88
-73
80
0
9
72
-94
44
-17
96
72
18
-76
22
82
-40
-9
96
27
-24
58
32
-87
19
13
-50
-15
-84
-100
-88
-79
-9
-75
-74
-80
89
-25
44
-76
-64
-48
70
85
-67
9
-22
-38
56
63
-35
-12
-37
16
20
-94
60
-20
-51
-38
70
73
-97
-100
39
5
97
-62
-36
21
-53
0
41
-45
-97
-26
-55
-56
32
71
21
-11
84
-20
32
71
-100
-31
20
85
9
-86
-9
12
-10
-5
-68
-62
95
58
28
-60
-15
55
65
-92
61
-23
-7
48
88
-30
90
74
64
23
-52
-25
36
89
-43
-71
-97
12
-73
36
-28
17
-63
13
-83
-42
-65
1
80
52
90
-18
27
13
-86
-13
-61
-36
-73
-94
-79
-5
-90
100
79
76
90
18
97
92
68
20
-49
40
-79
97
-56
-47
76
-50
-92
-93
93
-84
-20
93
-20
39
95
69
35
12
27
5
7
61
-83
45
88
28
68
37
-45
41
-96
6
-9
45
-10
-55
48
-94
-44
67
-30
-67
-67
77
82
-11
-8
37
-15
-81
68
0
-23
92
74
47
-78
-93
5
94
35
71
-20
-100
-14
-92
-44
-80
94
52
-28
-52
16
-35
-33
-4
60
-85
-61
-96
-2
5
-36
2
-54
49
6
0
78
-25
30
-44
-48
34
41
38
-4
69
-57
-98
85
-54
79
-40
-94
1
-38
75
59
-30
-69
-34
25
-42
61
46
98
62
-22
-81
54
-67
8
43
-47
-1
91
93
-41
63
-86
22
-36
62
10
36
20
-59
-85
-39
-90
-48
59
-2
-80
80
-86
-3
-21
12
-67
61
8
-99
100
-92
-14
14
10
-30
28
-7
-65
50
84
-39
-20
-9
31
11
51
90
-1
78
88
-79
-85
-72
95
22
98
42
73
-31
-60
-65
-59
51
-18
-96
16
99
-100
-84
42
61
89
92
-15
91
-18
-51
-11
92
-30
-7
7
30
-29
76
39
14
71
-46
29
31
94
-26
-16
-87
-6
92
-55
83
64
29
-10
52
56
18
24
-20
-57
55
-12
-62
-80
21
79
-78
44
-73
-13
-64
18
22
-31
8
-71
8
-67
8
71
-89
12
-79
-97
68
-73
75
-46
72
-100
2
39
-13
62
94
-55
65
32
-43
-93
100
40
-51
89
46
-39
53
82
79
-43
-5
-100
-76
-94
-86
77
84
12
-27
27
-91
57
-3
-24
-75
-51
55
-13
17
64
3
-92
69
-72
85
63
59
-5
-48
-94
94
-36
-11
72
58
19
39
-26
14
62
-21
-18
-47
3
62
-58
-82
-72
-46
71
18
-35
53
-76
-45
-69
93
63
65
66
-2
-17
-70
-45
99
-50
96
-18
79
-79
41
-41
22
63
-63
25
-38
46
67
28
-32
-16
91
-65
54
28
-75
66
-32
54
47
-21
14
36
-58
82
21
-15
-98
-88
2
14
-47
-97
-58
-44
11
-75
48
0
0
52
7
-1
-54
67
31
32
-71
51
-82
65
-98
94
-77
38
100
11
-72
-57
26
53
12
-12
24
30
-30
-18
-2
85
-61
-99
79
-11
-34
36
49
-25
-43
61
-98
-8
12
37
25
-45
-84
69
-43
95
26
87
-90
-95
50
21
-13
12
-98
84
-80
10
94
-42
87
-52
77
16
51
6
64
-17
-83
-59
-16
69
92
-39
55
20
-42
-28
94
27
-72
-71
99
25
-48
56
-2
29
96
91
39
-49
66
6
32
30
69
74
-56
-90
-44
15
7
-96
-74
10
6
83
-91
-64
-81
25
94
-80
-85
-75
-8
62
-17
35
-69
-6
-84
36
46
53
-68
-34
-7
-62
-46
-69
-4
-28
45
17
49
-85
91
87
-37
-34
-66
-92
-58
46
-10
76
80
-53
10
-81
-1
-2
54
36
-70
-88
-1
-25
-65
49
32
-55
13
84
16
83
-65
-8
-73
-83
-6
-33
83
-58
-96
74
4
-49
87
29
-72
24
-63
-12
64
-1
54
-4
17
97
-74
71
30
31
-84
-39
27
52
-3
58
43
-3
23
-31
-97
70
94
-56
33
-13
68
-8
45
45
49
-57
-74
-26
8
16
-87
90
89
-62
26
6
-61
80
-79
-49
18
-94
-13
70
-44
-24
51
55
-89
-60
-12
-71
81
50
5
19
-32
-56
-54
-88
59
92
20
1
9
84
-54
3
40
-61
48
89
15
-43
-69
-36
46
36
24
-90
72
42
73
22
-62
52
100
73
30
9
100
2
-13
43
-46
-3
37
-67
18
-41
74
10
30
-3
37
-83
-29
49
50
29
-24
-96
59
80
17
-40
58
83
-6
-20
-83
-33
-92
98
-94
29
86
90
67
-50
-58
84
-4
-42
89
13
53
36
94
73
-85
22
-53
-16
32
6
-87
7
-56
-84
66
84
46
62
95
67
-71
51
-94
-63
35
43
-87
8
-50
77
-10
80
-77
-66
-84
56
74
65
-20
75
16
-35
23
-29
93
4
-46
16
54
-72
24
-47
-38
-73
33
-57
24
-80
69
-42
66
18
-91
69
40
6
42
10
88
-62
-23
-91
-27
47
-22
39
-4
55
-93
18
93
-41
-11
-79
41
55
-67
48
58
-96
-5
-89
-30
21
31
-58
62
-72
-35
23
23
54
-11
10
94
56
-12
-92
21
66
53
-83
47
2
94
-63
60
-73
-58
89
-77
-20
20
74
48
-83
-22
7
-87
33
-96
-49
60
30
42
-16
-85
-73
49
-34
-90
78
8
92
76
64
-31
-76
10
2
-31
8
-97
-32
53
-30
17
-21
-10
58
-45
80
11
4
-93
-70
-35
40
-69
64
1
33
-6
81
-7
56
8
36
-66
-47
9
57
-36
-39
49
66
59
-54
23
37
-44
27
-87
-27
57
-50
79
-63
16
-72
49
-90
24
-16
-62
-24
92
76
2
28
-35
26
14
36
-1
-6
-74
70
27
-71
-46
-14
30
-39
-42
-18
7
-49
-73
-53
73
-54
14
-50
2
29
-49
-86
42
-44
81
42
37
1
67
78
-4
94
-47
-28
71
77
-63
-97
-53
-66
-16
92
27
8
-14
-84
-6
42
92
77
72
39
75
18
51
-86
-92
-34
91
-84
58
-13
-100
84
67
12
-69
-96
10
36
48
-33
100
-8
50
35
-93
33
24
-19
-59
-89
-94
41
-14
100
96
10
-45
31
31
-43
19
35
90
15
-10
67
35
63
57
-78
65
13
94
-69
38
-60
-81
10
37
-45
87
94
-60
-14
-90
45
-3
87
-72
9
64
-61
3
-98
-24
-12
-96
17
-34
-81
20
92
-49
-26
1
-41
-60
-31
-1
-36
-10
95
-100
-100
-43
44
9
42
-44
51
-19
5
93
-93
90
90
20
85
-78
-53
46
-3
85
-34
-11
-18
9
-76
14
-26
-67
95
27
-75
36
-95
23
49
81
-9
-48
38
41
20
66
16
53
51
-76
-60
78
59
-10
10
51
-85
-91
-95
23
-21
84
-97
5
60
-11
8
84
-49
75
57
94
-93
99
18
23
-12
-39
-47
-27
-80
71
-61
2
-81
-80
-6
71
0
-10
42
82
-70
46
12
47
32
-74
79
85
-41
-95
-1
-74
39
50
77
-36
58
55
-13
-67
-79
-18
63
13
35
86
71
44
-51
83
-3
69
-2
-59
-32
68
48
-39
-48
-56
-5
-13
18
55
91
-97
92
69
-97
14
23
-98
-99
-77
93
88
-90
16
81
51
-36
40
-55
-26
-53
-68
-8
72
61
-29
4
72
14
-50
-81
-43
80
27
25
76
-79
2
-18
5
39
8
28
40
-92
92
93
90
-31
-37
51
-2
19
-81
-26
-7
40
93
80
-87
60
-67
-42
-61
14
-94
39
78
41
59
28
88
-62
-15
91
30
39
-26
21
-18
39
-50
-98
-92
18
-37
-8
-98
-97
95
61
28
-13
-48
-31
-94
74
-69
98
-92
61
-3
-78
87
25
60
-66
-86
49
91
-20
2
-92
-97
56
-81
-70
63
-65
61
52
-64
54
-23
-61
-15
-36
-18
-30
-15
14
37
65
-70
-85
57
-87
59
-88
-5
6
76
92
-69
-88
-50
-51
59
27
27
91
-77
-28
-55
-98
81
34
-27
60
10
33
-37
-40
39
1
90
-63
-76
-30
74
-76
40
37
93
79
-98
-50
62
86
-25
80
-51
87
-72
-75
96
-65
57
29
-54
73
-54
56
16
-18
58
-96
-96
60
6
86
92
30
83
-32
-78
46
-72
-67
10
31
91
5
-87
5
98
41
31
-99
-48
-89
-6
-12
-46
-12
93
-49
-96
81
26
-91
25
5
-46
60
-36
-13
-93
-37
-58
62
-11
2
-30
90
-98
42
30
-43
40
45
6
-66
26
19
94
77
84
-79
-77
1
84
37
60
-47
-81
63
38
11
65
-14
68
100
84
96
50
90
53
73
-58
44
-30
-68
100
33
64
-45
61
-41
-5
-46
63
35
85
64
-16
70
20
-80
-9
-44
-90
42
3
-74
-94
-50
37
-80
-76
46
71
-8
20
-38
49
93
21
-37
-7
-70
-68
5
47
72
-19
-77
-20
73
2
36
-72
86
-1
14
-86
100
-91
-25
-40
56
51
26
-100
-55
43
-35
68
9
-18
-45
-64
-66
-54
54
-71
84
32
-67
90
-3
-36
-53
50
-87
-7
-37
29
40
15
-2
-2
-16
-3
71
99
91
-71
95
15
97
-47
53
97
-83
-84
-55
-79
95
-76
16
-16
-39
70
-10
22
6
62
-39
-93
-62
-57
-44
-96
-67
90
-2
-54
-34
21
-3
20
93
28
9
6
-5
-6
-63
32
76
-86
-68
26
42
-57
-61
-82
95
-29
63
53
60
-38
-49
-31
-82
-64
31
97
-49
-12
33
35
-34
92
79
-34
41
7
49
65
-97
-95
-57
57
79
-17
95
98
-56
1
47
100
-94
-74
1
-25
-27
-1
-70
88
67
-16
83
18
-76
-61
50
-59
26
-82
-45
-18
41
17
76
-46
7
29
-72
-94
-73
-79
-77
-91
54
-70
-42
49
-87
61
33
-51
52
-37
-91
-54
47
7
19
27
-33
54
9
-52
20
5
20
79
41
-52
87
-34
86
74
100
9
-58
-23
-2
-87
93
69
-53
-85
25
-16
24
52
29
59
-86
-35
-99
0
95
-24
-31
-44
-83
-23
-89
83
-72
-49
-1
-26
65
-92
-50
58
-64
62
61
97
61
-58
52
49
-98
3
63
14
-98
-40
0
2
70
20
-51
-92
43
60
-81
-35
-58
-11
63
32
-13
82
-59
-4
15
21
48
73
41
-23
-97
58
95
-17
-58
-33
-99
29
67
36
-43
67
-22
-98
-50
86
94
1
-32
20
65
28
-11
-32
65
99
-7
-84
-35
28
81
-47
-17
30
-81
-30
-26
18
40
-36
-74
96
-43
-73
8
94
-16
-80
-93
53
68
58
-100
-16
-58
63
35
48
-15
-19
-45
17
84
-100
-61
45
39
-82
-63
47
23
-71
99
8
66
1
-49
-36
-86
38
80
28
-46
30
21
-14
-90
-42
-88
25
-11
-9
-53
8
-80
-94
-7
11
-70
56
78
-51
-80
99
-57
38
-95
40
-61
37
55
-80
-67
71
-33
-9
41
-97
-4
-65
-31
42
29
37
-93
20
-41
83
-75
74
88
90
-68
7
89
75
-64
-21
85
9
-71
88
64
-13
60
-50
72
-85
79
52
81
-73
-75
13
72
50
-95
-10
68
13
-33
-44
-95
96
-91
79
-55
-97
58
99
91
27
-82
-93
54
56
0
-41
25
-20
88
-32
5
-26
-45
16
45
-16
-10
4
55
-86
-23
6
-62
-31
-92
-90
-92
62
73
-52
-42
79
-72
-88
71
60
86
83
93
26
47
-41
-90
43
-37
81
-73
4
-88
-2
86
-1
7
63
10
-92
-19
42
-37
-13
34
54
-90
-16
-84
70
-79
35
60
76
41
32
-53
5
100
-2
8
91
-21
91
59
-91
-50
57
-24
17
-91
-62
-87
-39
-20
76
-49
95
74
77
-54
43
-94
-24
-51
-1
-95
-13
-20
17
4
40
-53
2
87
94
-71
44
-32
-16
16
63
95
-85
-92
57
33
45
84
-64
-26
-89
83
-61
7
-77
-92
97
0
-85
-75
24
-40
94
49
3
45
-63
12
42
0
-15
94
-76
-3
22
48
69
16
-46
95
-52
-41
54
49
61
-5
27
80
90
-77
12
-85
-41
-72
15
98
18
78
-39
100
78
-24
-52
-2
-84
-22
10
-65
87
-66
58
20
51
-90
-98
-83
-89
-37
48
-100
-64
30
-100
-83
88
55
12
63
-75
-96
61
-53
-6
-48
48
51
11
-87
64
-70
-62
62
23
13
47
47
64
27
-49
-81
37
-62
89
-60
-74
-59
-98
-69
40
60
-60
33
-95
-40
67
-11
-17
32
-50
-31
-94
-37
78
-43
-60
-64
-39
-62
6
94
-40
86
-78
-40
80
-82
38
-22
52
-100
-80
0
85
69
-77
-85
-91
-99
-38
85
-35
97
-13
-84
66
-71
59
97
-46
9
47
21
-10
-74
-89
-58
-89
61
33
96
-68
97
48
-60
-55
-68
-74
-54
-5
33
-22
48
67
-10
-1
-93
-76
-67
47
59
87
-81
54
-27
2
-27
-96
-15
95
-19
-51
-13
45
42
75
6
26
17
9
-85
-65
6
64
82
17
-96
36
79
-18
-26
58
34
-40
99
-51
-15
25
-63
18
-6
20
-10
-35
81
-73
74
15
-78
18
-1
37
82
-34
-67
-36
-21
37
2
-49
15
-92
36
-18
96
-31
-43
-29
84
75
-84
76
73
-21
37
-93
58
83
-29
-68
-23
84
52
-82
38
94
61
43
3
-12
-42
12
5
-67
59
-92
-36
-60
-67
37
-72
-27
70
1
26
-41
-12
39
4
46
-5
-86
91
58
-81
25
-19
24
-48
55
-47
-65
-84
-33
41
76
-54
-41
-98
10
-22
-49
63
-6
29
-46
-72
11
82
95
-74
24
72
-18
40
-15
-36
-98
93
-5
38
-47
26
-14
-32
62
42
57
-10
-98
-77
-3
32
-76
61
63
-80
-36
94
-58
-32
-71
-22
64
-43
-45
42
72
75
8
23
-41
82
53
61
-23
41
-56
-73
0
10
-54
22
16
2
17
-54
-16
64
0
-72
1
-93
-19
-39
15
54
-20
2
-2
14
52
-98
11
80
-59
-35
-46
95
91
21
13
64
-11
-13
-66
-77
28
-11
-38
-60
-69
-46
-40
-24
-60
22
-10
69
-96
65
-3
11
-46
-10
82
38
41
35
49
-42
37
41
63
22
15
29
-17
54
92
-56
9
-78
-60
-38
-57
80
-45
33
92
86
-92
-31
-91
-35
14
25
-3
44
-51
52
-47
11
-54
47
-53
-31
-42
42
69
29
-42
11
-1
-38
-51
10
-67
-42
66
42
-34
64
-52
-11
-9
-24
-43
70
-29
93
-74
-77
34
-82
37
-81
-71
66
90
2
-65
55
-59
96
-72
85
1
60
-86
50
-37
-55
-50
-69
63
17
-86
35
74
-6
-48
-43
87
84
-62
-25
54
72
-51
5
32
65
-2
3
13
-29
-34
-23
3
-23
-67
-24
-66
-29
-82
-45
20
15
34
-4
-98
-45
-26
28
-38
48
-36
68
-64
54
-58
-20
-81
-35
65
-72
-84
-11
34
-71
78
-82
38
-33
-5
-60
-56
-88
-68
37
36
-64
35
100
51
-59
-33
52
-36
-16
41
-91
98
40
-76
49
-54
-16
-38
94
-40
71
81
2
64
-88
-10
-71
-76
85
-13
26
47
87
-47
62
97
-3
96
51
69
-2
-56
-70
-69
-26
97
25
48
-35
27
-98
-66
-73
-18
32
-74
60
38
91
91
100
-50
53
-40
-30
27
17
54
15
33
12
72
28
-80
-37
-50
-23
97
38
35
-90
87
-25
60
53
25
-66
-77
72
92
-52
